43 20 30 2c 30 0d <- zero
43 20 31 2c 36 0d <- backwind = 20 space
43 2d 30 2c 30 0d <- headwind = 2d -

53 50 32 48 5c 72 0d -> seems to disable sensor polling
4f -> ??? shortly after probably some kind of ack
53 50 32 4e 5c 72 0d -> seems to enable sensor polling

List of what this does:
4e: N -> Normal polling
57: W -> 5s Weit
54: T -> 8s ???
4c: L -> 10s Lauf
5a: Z -> 12s ???
48: H -> 13s Hürden

20s (waiting time, then 10) also triggers 4c => 200m


// random garbage, that gets exchanged on program start
(2): 00 01
(4): 45 4d 55 0d
(6): 43 20 58 2c 58 0d
(7): 45 4d 55 30 5c 72 0d
(8): 00 09 00 00 00 00 00 00
(8): 00 09 01 00 00 00 00 00
(8): 80 06 00 01 00 00 12 00
(8): 80 06 00 02 00 00 09 00
(8): 80 06 00 02 00 00 2e 00
(9): 09 02 2e 00 01 01 00 60 01
(14): 07 05 82 02 40 00 0a 07 05 02 02 40 00 0a
(16): 09 02 2e 00 01 01 00 60 01 09 04 00 00 04 dc a0
(16): 12 01 10 01 dc 00 00 10 4a 0c 8b 08 00 01 00 00
(16): 54 49 4d 59 3a 20 32 35 32 32 32 30 30 30 30 0d
(16): 54 49 4d 59 3a 20 32 35 32 32 33 30 30 30 30 0d
(16): 54 49 4d 59 3a 20 32 35 32 32 35 30 30 30 30 0d
(16): 54 49 4d 59 3a 20 32 35 32 32 36 30 30 30 30 0d
(16): 54 49 4d 59 3a 20 32 35 32 32 37 30 30 30 30 0d
(16): 54 49 4d 59 3a 20 32 35 32 32 38 30 30 30 30 0d
(16): 54 49 4d 59 3a 20 32 35 32 32 39 30 30 30 30 0d
(16): 54 49 4d 59 3a 20 32 35 32 33 31 30 30 30 30 0d
(16): 54 49 4d 59 3a 20 32 35 32 33 34 30 30 30 30 0d
(16): 54 49 4d 59 3a 20 32 35 32 33 36 30 30 30 30 0d
(16): 54 49 4d 59 3a 20 32 35 32 33 37 30 30 30 30 0d
(16): 54 49 4d 59 3a 20 32 35 32 33 38 30 30 30 30 0d
(16): 54 49 4d 59 3a 20 32 35 32 34 30 30 30 30 30 0d
(16): 54 49 4d 59 3a 20 32 35 32 34 32 30 30 30 30 0d
(16): 54 49 4d 59 3a 20 32 35 32 34 33 30 30 30 30 0d
(16): 54 49 4d 59 3a 20 32 35 32 34 34 30 30 30 30 0d
(16): 54 49 4d 59 3a 20 32 35 32 34 35 30 30 30 30 0d
(16): 54 49 4d 59 3a 20 32 35 32 34 36 30 30 30 30 0d
(16): 54 49 4d 59 3a 20 32 35 32 34 39 30 30 30 30 0d
(16): 54 49 4d 59 3a 20 32 35 32 35 30 30 30 30 30 0d
(16): 54 49 4d 59 3a 20 32 35 32 35 31 30 30 30 30 0d
(16): 54 49 4d 59 3a 20 32 35 32 35 32 30 30 30 30 0d
(16): 54 49 4d 59 3a 20 32 35 32 35 33 30 30 30 30 0d
(16): 54 49 4d 59 3a 20 32 35 32 35 34 30 30 30 30 0d
(16): 54 49 4d 59 3a 20 32 35 32 35 35 30 30 30 30 0d
(16): 54 49 4d 59 3a 20 32 35 32 35 36 30 30 30 30 0d
(16): 54 49 4d 59 3a 20 32 35 32 35 37 30 30 30 30 0d
(16): 54 49 4d 59 3a 20 32 35 32 35 38 30 30 30 30 0d
(16): 54 49 4d 59 3a 20 32 35 32 36 30 30 30 30 30 0d
(16): 54 49 4d 59 3a 20 32 35 32 36 31 30 30 30 30 0d
(16): 54 49 4d 59 3a 20 32 35 32 36 32 30 30 30 30 0d
(16): 54 49 4d 59 3a 20 32 35 32 36 33 30 30 30 30 0d
(16): 54 49 4d 59 3a 20 32 35 32 36 35 30 30 30 30 0d
(16): 54 49 4d 59 3a 20 32 35 32 36 36 30 30 30 30 0d
(16): 54 49 4d 59 3a 20 32 35 32 36 37 30 30 30 30 0d
(16): 54 49 4d 59 3a 20 32 35 32 36 38 30 30 30 30 0d
(16): 54 49 4d 59 3a 20 32 35 32 36 39 30 30 30 30 0d
(16): 54 49 4d 59 3a 20 32 35 32 37 30 30 30 30 30 0d
(16): 54 49 4d 59 3a 20 32 35 32 37 31 30 30 30 30 0d
(16): 54 49 4d 59 3a 20 32 35 32 37 32 30 30 30 30 0d
(16): 54 49 4d 59 3a 20 32 35 32 37 34 30 30 30 30 0d
(16): 54 49 4d 59 3a 20 32 35 32 37 35 30 30 30 30 0d
(16): 54 49 4d 59 3a 20 32 35 32 37 36 30 30 30 30 0d
(16): 54 49 4d 59 3a 20 32 35 32 37 38 30 30 30 30 0d
(16): 54 49 4d 59 3a 20 32 35 32 38 30 30 30 30 30 0d
(16): 54 49 4d 59 3a 20 32 35 32 38 32 30 30 30 30 0d
(16): 54 49 4d 59 3a 20 32 35 32 38 34 30 30 30 30 0d
(16): 54 49 4d 59 3a 20 32 35 32 38 35 30 30 30 30 0d
(16): 54 49 4d 59 3a 20 32 35 32 38 36 30 30 30 30 0d
(16): 54 49 4d 59 3a 20 32 35 32 38 37 30 30 30 30 0d
(16): b0 00 07 05 81 03 10 00 01 07 05 01 03 10 00 0a

// somewhat interesting, but not really
  14 : DATA0 (7): 45 4d 55 30 5c 72 0d